16 0.005249
 0.2501428843589255
16 0.005249
 0.2501428843589255
16 0.005249
 0.2501428843589255
16 0.005249
 0.2501428843589255
16 0.005249
 0.2501428843589255
16 0.005249
 0.2501428843589255
16 0.005249
 0.2501428843589255
16 0.005249
 0.2501428843589255
16 0.005249
 0.2501428843589255
16 0.005249
 0.2501428843589255
16 0.005249
 0.2501428843589255
16 0.005249
 0.2501428843589255
16 0.005249
 0.2501428843589255
16 0.005249
 0.2501428843589255
16 0.005249
 0.2501428843589255
16 0.005249
 0.2501428843589255
