cores time efficiency
1 0.004795 1.0
2 0.003798 0.6312532912058978
3 0.003447 0.4636882313122522
4 0.003340 0.35890718562874246
5 0.003201 0.29959387691346456
6 0.003265 0.24476773864216436
7 0.003337 0.20527419838178002
8 0.003865 0.1550776196636481
9 0.003931 0.13553237796432913
10 0.004213 0.11381438404937098
11 0.004515 0.09654686398872445
12 0.004659 0.08576590112327395
13 0.005323 0.0692929088570644
14 0.005437 0.06299429832628287
15 0.005963 0.05360836268097713
16 0.006505 0.04607033051498847
