cores time efficiency
1 0.001313 1.0
2 0.001652 0.3973970944309927
3 0.001601 0.27337080991047263
4 0.001811 0.18125345113197128
5 0.002154 0.12191272051996285
6 0.002297 0.09526919169931795
7 0.002586 0.07253342172135675
8 0.002656 0.061794051204819275
9 0.003191 0.04571886207737038
10 0.003481 0.037719046251077276
11 0.003940 0.03029533917858791
12 0.004068 0.026896919042936743
13 0.004262 0.02369779446269357
14 0.004890 0.01917908267601519
15 0.004692 0.018655868144359194
16 0.005249 0.015633930272432844
