cores time karpflatt
2 24.671815 0.019789698211576612
3 16.626237 0.015424135170765239
4 12.679339 0.016060209928678404
5 10.259705 0.015047926796473154
6 8.694507 0.015628286843795847
7 7.538609 0.015101377081889933
8 6.709694 0.015622756328038476
9 6.113403 0.017139594826479455
10 5.584190 0.017121121023143764
11 5.336089 0.021309629024741917
12 4.938054 0.020423911364868708
13 4.805880 0.02426723215156932
14 4.649921 0.026569638684353324
15 4.189980 0.02135149909158653
16 4.154340 0.024915367539697305
