cores time karpflatt
2 6.174422 0.0184338106152675
3 4.162281 0.014907431782463952
4 3.181317 0.016492749721904437
5 2.576266 0.015587248443918386
6 2.173667 0.015119986857262768
7 1.887283 0.014922661611023378
8 1.689865 0.016418901940514225
9 1.515750 0.015632793603603954
10 1.401754 0.01733938890377051
11 1.335765 0.02117952603014122
12 1.290400 0.02518748733679991
13 1.211451 0.024903346944511524
14 1.216727 0.031141742817501195
15 1.149627 0.030155749777891126
16 1.159556 0.03533962407724833
